 
1 1 7 14
q
9 1 7 14
w
17 1 7 14
e
25 1 7 14
r
33 1 7 14
t
41 1 7 14
y
49 1 7 14
u
57 1 7 14
i
65 1 7 14
o
73 1 7 14
p
81 1 7 14
a
89 1 7 14
s
97 1 7 14
d
105 1 7 14
f
113 1 7 14
g
121 1 7 14
h
1 16 7 14
j
9 16 7 14
k
17 16 7 14
l
25 16 7 14
z
33 16 7 14
x
41 16 7 14
c
49 16 7 14
v
57 16 7 14
b
65 16 7 14
n
73 16 7 14
m
81 16 7 14
Q
89 16 7 14
W
97 16 7 14
E
105 16 7 14
R
113 16 7 14
T
121 16 7 14
Y
1 31 7 14
U
9 31 7 14
I
17 31 7 14
O
25 31 7 14
P
33 31 7 14
A
41 31 7 14
S
49 31 7 14
D
57 31 7 14
F
65 31 7 14
G
73 31 7 14
H
81 31 7 14
J
89 31 7 14
K
97 31 7 14
L
105 31 7 14
Z
113 31 7 14
X
121 31 7 14
C
1 46 7 14
V
9 46 7 14
B
17 46 7 14
N
25 46 7 14
M
33 46 7 14
1
41 46 7 14
2
49 46 7 14
3
57 46 7 14
4
65 46 7 14
5
73 46 7 14
6
81 46 7 14
7
89 46 7 14
8
97 46 7 14
9
105 46 7 14
0
113 46 7 14
-
121 46 7 14
=
1 61 7 14
+
9 61 7 14
_
17 61 7 14
!
25 61 7 14
?
33 61 7 14
<
41 61 7 14
>
49 61 7 14
,
57 61 7 14
.
65 61 7 14
;
73 61 7 14
:
81 61 7 14
"
89 61 7 14
'
97 61 7 14
@
105 61 7 14
£
113 61 7 14
$
121 61 7 14
%
1 76 7 14
^
9 76 7 14
&
17 76 7 14
*
25 76 7 14
(
33 76 7 14
)
41 76 7 14
[
49 76 7 14
]
57 76 7 14
{
65 76 7 14
}
73 76 7 14
|
81 76 7 14
\
89 76 7 14
~
97 76 7 14
/
105 76 7 14
±
113 76 7 14
ä
121 76 7 14
ö
1 91 7 14
ü
9 91 7 14
Ä
17 91 7 14
Ö
25 91 7 14
Ü
33 91 7 14
